,date,open,high,low,close,volume
0,2015-04-08,125.85,126.4,124.97,125.6,37329243
1,2015-04-09,125.85,126.58,124.66,126.56,32483974
2,2015-04-10,125.95,127.21,125.26,127.1,40187953
3,2015-04-13,128.37,128.57,126.61,126.85,36365123
4,2015-04-14,127.0,127.29,125.91,126.3,25524593
5,2015-04-15,126.41,127.13,126.01,126.78,28970419
6,2015-04-16,126.28,127.1,126.11,126.17,28368987
7,2015-04-17,125.55,126.14,124.46,124.75,51957046
8,2015-04-20,125.57,128.12,125.17,127.6,47054310
9,2015-04-21,128.1,128.2,126.67,126.91,32435057
10,2015-04-22,126.99,128.87,126.32,128.62,37654505
11,2015-04-23,128.3,130.42,128.14,129.67,45770902
12,2015-04-24,130.49,130.63,129.23,130.28,44525905
13,2015-04-27,132.31,133.13,131.15,132.65,96954207
14,2015-04-28,134.46,134.54,129.57,130.56,118923970
15,2015-04-29,130.16,131.59,128.3,128.64,63386083
16,2015-04-30,127.5,127.88,124.58,125.15,83195423
17,2015-05-01,126.1,130.13,125.3,128.95,58512638
18,2015-05-04,129.5,130.57,128.26,128.7,50988278
19,2015-05-05,128.15,128.45,125.78,125.8,49271416
20,2015-05-06,126.56,126.75,123.36,125.01,72141010
21,2015-05-07,124.77,126.08,124.02,125.26,43940895
22,2015-05-08,126.68,127.62,126.11,127.62,55550382
23,2015-05-11,127.39,127.56,125.63,126.32,42035757
24,2015-05-12,125.6,126.88,124.82,125.87,48160032
25,2015-05-13,126.15,127.19,125.87,126.01,34694235
26,2015-05-14,127.41,128.95,127.16,128.95,45203456
27,2015-05-15,129.07,129.49,128.21,128.77,38208034
28,2015-05-18,128.38,130.72,128.36,130.19,50882918
29,2015-05-19,130.69,130.88,129.64,130.07,44633240
30,2015-05-20,130.0,130.98,129.34,130.06,36454932
31,2015-05-21,130.07,131.63,129.83,131.39,39730364
32,2015-05-22,131.6,132.97,131.4,132.54,45595972
33,2015-05-26,132.6,132.91,129.12,129.62,70697560
34,2015-05-27,130.34,132.26,130.05,132.04,45833246
35,2015-05-28,131.86,131.95,131.1,131.78,30733309
36,2015-05-29,131.23,131.45,129.9,130.28,50884452
37,2015-06-01,131.2,131.39,130.05,130.54,32112797
38,2015-06-02,129.86,130.66,129.32,129.96,33667627
39,2015-06-03,130.66,130.94,129.9,130.12,30983542
40,2015-06-04,129.58,130.58,128.91,129.36,38450118
41,2015-06-05,129.5,129.69,128.36,128.65,35626800
42,2015-06-08,128.9,129.21,126.83,127.8,52674786
43,2015-06-09,126.7,128.08,125.62,127.42,56075420
44,2015-06-10,127.92,129.34,127.85,128.88,39087250
45,2015-06-11,129.18,130.18,128.48,128.59,35390887
46,2015-06-12,128.19,128.33,127.11,127.17,36886246
47,2015-06-15,126.1,127.24,125.71,126.92,43988946
48,2015-06-16,127.03,127.85,126.37,127.6,31494131
49,2015-06-17,127.72,127.88,126.74,127.3,32918071
50,2015-06-18,127.23,128.31,127.22,127.88,35407220
51,2015-06-19,127.71,127.82,126.4,126.6,54716887
52,2015-06-22,127.49,128.06,127.08,127.61,34039345
53,2015-06-23,127.48,127.61,126.88,127.03,30268863
54,2015-06-24,127.21,129.8,127.12,128.11,55280855
55,2015-06-25,128.86,129.2,127.5,127.5,31938100
56,2015-06-26,127.67,127.99,126.51,126.75,44066841
57,2015-06-29,125.46,126.47,124.48,124.53,49161427
58,2015-06-30,125.57,126.12,124.86,125.43,44370682
59,2015-07-01,126.9,126.94,125.99,126.6,30238811
60,2015-07-02,126.43,126.69,125.77,126.44,27210952
61,2015-07-06,124.94,126.23,124.85,126.0,28060431
62,2015-07-07,125.89,126.15,123.77,125.69,46946811
63,2015-07-08,124.48,124.64,122.54,122.57,60761614
64,2015-07-09,123.85,124.06,119.22,120.07,78595038
65,2015-07-10,121.94,123.85,121.21,123.28,61354474
66,2015-07-13,125.03,125.76,124.32,125.66,41440538
67,2015-07-14,126.04,126.37,125.04,125.61,31768139
68,2015-07-15,125.72,127.15,125.58,126.82,33649200
69,2015-07-16,127.74,128.57,127.35,128.51,36222447
70,2015-07-17,129.08,129.62,128.31,129.62,46164710
71,2015-07-20,130.97,132.97,130.7,132.07,58900203
72,2015-07-21,132.85,132.92,130.32,130.75,76756427
73,2015-07-22,121.99,125.5,121.99,125.22,115450607
74,2015-07-23,126.2,127.09,125.06,125.16,50999452
75,2015-07-24,125.32,125.74,123.9,124.5,42162332
76,2015-07-27,123.09,123.61,122.12,122.77,44455540
77,2015-07-28,123.38,123.91,122.55,123.38,33618097
78,2015-07-29,123.15,123.5,122.27,122.99,37011653
79,2015-07-30,122.32,122.57,121.71,122.37,33628268
80,2015-07-31,122.6,122.64,120.91,121.3,42884953
81,2015-08-03,121.5,122.57,117.52,118.44,69975968
82,2015-08-04,117.42,117.7,113.25,114.64,124138623
83,2015-08-05,112.95,117.44,112.1,115.4,99312613
84,2015-08-06,115.97,116.5,114.12,115.13,52903040
85,2015-08-07,114.58,116.25,114.5,115.52,38670405
86,2015-08-10,116.53,119.99,116.53,119.72,54951597
87,2015-08-11,117.81,118.18,113.33,113.49,97082814
88,2015-08-12,112.53,115.42,109.63,115.24,101685610
89,2015-08-13,116.04,116.4,114.54,115.15,48535789
90,2015-08-14,114.32,116.31,114.01,115.96,42929516
91,2015-08-17,116.04,117.65,115.5,117.16,40884745
92,2015-08-18,116.43,117.44,116.01,116.5,34560708
93,2015-08-19,116.1,116.52,114.68,115.01,48286510
94,2015-08-20,114.08,114.35,111.63,112.65,68501622
95,2015-08-21,110.43,111.9,105.65,105.76,128275471
96,2015-08-24,94.87,108.8,92.0,103.12,162206292
97,2015-08-25,111.11,111.11,103.5,103.74,103601599
98,2015-08-26,107.09,109.89,105.05,109.69,96774611
99,2015-08-27,112.23,113.24,110.02,112.92,84616056
100,2015-08-28,112.17,113.31,111.54,113.29,53164407
101,2015-08-31,112.03,114.53,112.0,112.76,56229271
102,2015-09-01,110.15,111.88,107.36,107.72,76845860
103,2015-09-02,110.23,112.34,109.13,112.34,61888812
104,2015-09-03,112.49,112.78,110.04,110.37,53233940
105,2015-09-04,108.97,110.45,108.51,109.27,49996311
106,2015-09-08,111.65,112.56,110.32,112.31,54843630
107,2015-09-09,113.76,114.02,109.77,110.15,85010804
108,2015-09-10,110.27,113.28,109.9,112.57,62892831
109,2015-09-11,111.79,114.21,111.76,114.21,49915473
110,2015-09-14,116.58,116.89,114.86,115.31,58363431
111,2015-09-15,115.93,116.53,114.42,116.28,43341155
112,2015-09-16,116.25,116.54,115.44,116.41,37173489
113,2015-09-17,115.66,116.49,113.72,113.92,64112641
114,2015-09-18,112.21,114.3,111.87,113.45,74285291
115,2015-09-21,113.67,115.37,113.66,115.21,50221965
116,2015-09-22,113.38,114.18,112.52,113.4,50346159
117,2015-09-23,113.63,114.72,113.3,114.32,35756716
118,2015-09-24,113.25,115.5,112.37,115.0,50219475
119,2015-09-25,116.44,116.69,114.02,114.71,56151926
120,2015-09-28,113.85,114.57,112.44,112.44,52109011
121,2015-09-29,112.83,113.51,107.86,109.06,73365384
122,2015-09-30,110.17,111.54,108.73,110.3,66473033
123,2015-10-01,109.07,109.62,107.31,109.58,63929100
124,2015-10-02,108.01,111.01,107.55,110.38,58019758
125,2015-10-05,109.88,111.37,109.07,110.78,52064743
126,2015-10-06,110.63,111.74,109.77,111.31,48856977
127,2015-10-07,111.74,111.77,109.41,110.78,46765550
128,2015-10-08,110.19,110.19,108.21,109.5,61979577
129,2015-10-09,110.0,112.28,109.49,112.12,52766140
130,2015-10-12,112.73,112.75,111.44,111.6,30467204
131,2015-10-13,110.82,112.45,110.68,111.79,33049256
132,2015-10-14,111.29,111.52,109.56,110.21,44462449
133,2015-10-15,110.93,112.1,110.49,111.86,37673452
134,2015-10-16,111.78,112.0,110.53,111.04,39232609
135,2015-10-19,110.8,111.75,110.11,111.73,29759153
136,2015-10-20,111.34,114.17,110.82,113.77,48967763
137,2015-10-21,114.0,115.58,113.7,113.76,42326974
138,2015-10-22,114.33,115.5,114.1,115.5,41654089
139,2015-10-23,116.7,119.23,116.33,119.08,59366914
140,2015-10-26,118.08,118.13,114.92,115.28,66333781
141,2015-10-27,115.4,116.54,113.99,114.55,69884400
142,2015-10-28,116.93,119.3,116.06,119.27,85551352
143,2015-10-29,118.7,120.69,118.27,120.53,51227334
144,2015-10-30,120.99,121.22,119.45,119.5,49365254
145,2015-11-02,119.87,121.36,119.61,121.18,32203267
146,2015-11-03,120.79,123.49,120.7,122.57,45518976
147,2015-11-04,123.13,123.82,121.62,122.0,44886050
148,2015-11-05,121.85,122.69,120.18,120.92,39552680
149,2015-11-06,121.11,121.81,120.62,121.06,33042283
150,2015-11-09,120.96,121.81,120.05,120.57,33871405
151,2015-11-10,116.9,118.07,116.06,116.77,59127931
152,2015-11-11,116.37,117.42,115.21,116.11,45217971
153,2015-11-12,116.26,116.82,115.65,115.72,32525579
154,2015-11-13,115.2,115.57,112.27,112.34,45812403
155,2015-11-16,111.38,114.24,111.0,114.18,38106701
156,2015-11-17,114.92,115.05,113.32,113.69,27616939
157,2015-11-18,115.76,117.49,115.5,117.29,46674697
158,2015-11-19,117.64,119.75,116.76,118.78,43295820
159,2015-11-20,119.2,119.92,118.85,119.3,34287096
160,2015-11-23,119.27,119.73,117.34,117.75,32482528
161,2015-11-24,117.33,119.35,117.12,118.88,42803172
162,2015-11-25,119.21,119.23,117.92,118.03,21388308
163,2015-11-27,118.29,118.41,117.6,117.81,13046445
164,2015-11-30,117.99,119.41,117.75,118.3,39180322
165,2015-12-01,118.75,118.81,116.86,117.34,34852374
166,2015-12-02,117.05,118.11,116.08,116.28,33386563
167,2015-12-03,116.55,116.79,114.22,115.2,41569509
168,2015-12-04,115.29,119.25,115.11,119.03,57776977
169,2015-12-07,118.98,119.86,117.81,118.28,32084249
170,2015-12-08,117.52,118.6,116.86,118.23,34309450
171,2015-12-09,117.64,117.69,115.08,115.62,46361357
172,2015-12-10,116.04,116.94,115.51,116.17,29212727
173,2015-12-11,115.19,115.39,112.85,113.18,46886161
174,2015-12-14,112.18,112.68,109.79,112.48,65003609
175,2015-12-15,111.94,112.8,110.35,110.49,53323105
176,2015-12-16,111.07,111.99,108.8,111.34,56238467
177,2015-12-17,112.02,112.25,108.98,108.98,44772827
178,2015-12-18,108.91,109.52,105.81,106.03,96453327
179,2015-12-21,107.28,107.37,105.57,107.33,47590610
180,2015-12-22,107.4,107.72,106.45,107.23,32789367
181,2015-12-23,107.27,108.85,107.2,108.61,32657354
182,2015-12-24,109.0,109.0,107.95,108.03,13596680
183,2015-12-28,107.59,107.69,106.18,106.82,26704210
184,2015-12-29,106.96,109.43,106.86,108.74,30931243
185,2015-12-30,108.58,108.7,107.18,107.32,25213777
186,2015-12-31,107.01,107.03,104.82,105.26,40912316
187,2016-01-04,102.61,105.37,102.0,105.35,67649387
188,2016-01-05,105.75,105.85,102.41,102.71,55790992
189,2016-01-06,100.56,102.37,99.87,100.7,68457388
190,2016-01-07,98.68,100.13,96.43,96.45,81094428
191,2016-01-08,98.55,99.11,96.76,96.96,70798016
192,2016-01-11,98.97,99.06,97.34,98.53,49739377
193,2016-01-12,100.55,100.69,98.84,99.96,49154227
194,2016-01-13,100.32,101.19,97.3,97.39,62439631
195,2016-01-14,97.96,100.48,95.74,99.52,63170127
196,2016-01-15,96.2,97.71,95.36,97.13,79833891
197,2016-01-19,98.41,98.65,95.5,96.66,53087747
198,2016-01-20,95.1,98.19,93.42,96.79,72334416
199,2016-01-21,97.06,97.88,94.94,96.3,52161463
200,2016-01-22,98.63,101.46,98.37,101.42,65800467
201,2016-01-25,101.52,101.53,99.21,99.44,51794525
202,2016-01-26,99.93,100.88,98.07,99.99,75077002
203,2016-01-27,96.04,96.63,93.34,93.42,133369674
204,2016-01-28,93.79,94.52,92.39,94.09,55678825
205,2016-01-29,94.79,97.34,94.35,97.34,64416504
206,2016-02-01,96.47,96.71,95.4,96.43,40943541
207,2016-02-02,95.42,96.04,94.28,94.48,37357215
208,2016-02-03,95.0,96.84,94.08,96.35,45964294
209,2016-02-04,95.86,97.33,95.19,96.6,46471652
210,2016-02-05,96.52,96.92,93.69,94.02,46418064
211,2016-02-08,93.13,95.7,93.04,95.01,54021375
212,2016-02-09,94.29,95.94,93.93,94.99,44331195
213,2016-02-10,95.92,96.35,94.1,94.27,42343601
214,2016-02-11,93.79,94.72,92.59,93.7,50074711
215,2016-02-12,94.19,94.5,93.01,93.99,40351381
216,2016-02-16,95.02,96.85,94.61,96.64,49057916
217,2016-02-17,96.67,98.21,96.15,98.12,44863243
218,2016-02-18,98.84,98.89,96.09,96.26,39020983
219,2016-02-19,96.0,96.76,95.8,96.04,35374173
220,2016-02-22,96.31,96.9,95.92,96.88,34280758
221,2016-02-23,96.4,96.5,94.55,94.69,31942633
222,2016-02-24,93.98,96.38,93.32,96.1,36255745
223,2016-02-25,96.05,96.76,95.25,96.76,27582659
224,2016-02-26,97.2,98.02,96.58,96.91,28991131
225,2016-02-29,96.86,98.23,96.65,96.69,35216277
226,2016-03-01,97.65,100.77,97.42,100.53,50407147
227,2016-03-02,100.51,100.89,99.64,100.75,33169560
228,2016-03-03,100.58,101.71,100.45,101.5,36955742
229,2016-03-04,102.37,103.75,101.37,103.01,46055100
230,2016-03-07,102.39,102.83,100.96,101.87,35915810
231,2016-03-08,100.78,101.76,100.4,101.03,31561889
232,2016-03-09,101.31,101.58,100.27,101.12,27201683
233,2016-03-10,101.41,102.24,100.15,101.17,33513577
234,2016-03-11,102.24,102.28,101.5,102.26,27408237
235,2016-03-14,101.91,102.91,101.78,102.52,25076062
236,2016-03-15,103.96,105.18,103.85,104.58,40067734
237,2016-03-16,104.61,106.31,104.59,105.97,38303493
238,2016-03-17,105.52,106.47,104.96,105.8,34420705
239,2016-03-18,106.34,106.5,105.19,105.92,44205171
240,2016-03-21,105.93,107.65,105.14,105.91,35502678
241,2016-03-22,105.25,107.29,105.21,106.72,32444375
242,2016-03-23,106.48,107.07,105.9,106.13,25703495
243,2016-03-24,105.47,106.25,104.89,105.67,26132955
244,2016-03-28,106.0,106.19,105.06,105.19,19411372
245,2016-03-29,104.89,107.79,104.88,107.68,31190083
246,2016-03-30,108.65,110.42,108.6,109.56,45601149
247,2016-03-31,109.72,109.9,108.88,108.99,25888449
248,2016-04-01,108.78,110.0,108.2,109.99,25873950
249,2016-04-04,110.42,112.19,110.27,111.12,37356204
250,2016-04-05,109.51,110.73,109.42,109.81,26578652
251,2016-04-06,110.23,110.98,109.2,110.96,26404077
252,2016-04-07,109.95,110.42,108.12,108.54,31801870
253,2016-04-08,108.91,109.77,108.17,108.66,23581740
254,2016-04-11,108.97,110.61,108.83,109.02,29407518
255,2016-04-12,109.34,110.5,108.66,110.44,27232325
256,2016-04-13,110.8,112.34,110.8,112.04,33257316
257,2016-04-14,111.62,112.39,111.33,112.1,25473923
258,2016-04-15,112.11,112.3,109.73,109.85,46938969
259,2016-04-18,108.89,108.95,106.94,107.48,60821461
260,2016-04-19,107.88,108.0,106.23,106.91,32384879
261,2016-04-20,106.64,108.09,106.06,107.13,30611030
262,2016-04-21,106.93,106.93,105.52,105.97,31552525
263,2016-04-22,105.01,106.48,104.62,105.68,33683121
264,2016-04-25,105.0,105.65,104.51,105.08,28031588
265,2016-04-26,103.91,105.3,103.91,104.35,56016165
266,2016-04-27,96.0,98.71,95.68,97.82,114602142
267,2016-04-28,97.61,97.88,94.25,94.83,82242690
268,2016-04-29,93.99,94.72,92.51,93.74,68531478
269,2016-05-02,93.97,94.08,92.4,93.64,48160104
270,2016-05-03,94.2,95.74,93.68,95.18,56831277
271,2016-05-04,95.2,95.9,93.82,94.19,41025475
272,2016-05-05,94.0,94.07,92.68,93.24,35890500
273,2016-05-06,93.37,93.45,91.85,92.72,43699886
274,2016-05-09,93.0,93.77,92.59,92.79,32936436
275,2016-05-10,93.33,93.57,92.11,93.42,33686836
276,2016-05-11,93.48,93.57,92.46,92.51,28719109
277,2016-05-12,92.72,92.78,89.47,90.34,76314690
278,2016-05-13,90.0,91.67,90.0,90.52,44392765
279,2016-05-16,92.39,94.39,91.65,93.88,61259756
280,2016-05-17,94.55,94.7,93.01,93.49,46916939
281,2016-05-18,94.16,95.21,93.89,94.56,42062391
282,2016-05-19,94.64,94.64,93.57,94.2,30442100
283,2016-05-20,94.64,95.43,94.52,95.22,32025968
284,2016-05-23,95.87,97.19,95.67,96.43,38018643
285,2016-05-24,97.22,98.09,96.84,97.9,35140174
286,2016-05-25,98.67,99.74,98.11,99.62,38642108
287,2016-05-26,99.68,100.73,98.64,100.41,56331159
288,2016-05-27,99.44,100.47,99.25,100.35,36341240
289,2016-05-31,99.6,100.4,98.82,99.86,42307212
290,2016-06-01,99.02,99.54,98.33,98.46,29173285
291,2016-06-02,97.6,97.84,96.63,97.72,40191600
292,2016-06-03,97.79,98.27,97.45,97.92,28504888
293,2016-06-06,97.99,101.89,97.55,98.63,23292504
294,2016-06-07,99.25,99.87,98.96,99.03,22409450
295,2016-06-08,99.02,99.56,98.68,98.94,20848131
296,2016-06-09,98.5,99.99,98.46,99.65,26601354
297,2016-06-10,98.53,99.35,98.48,98.83,31712936
298,2016-06-13,98.69,99.12,97.1,97.34,38020494
299,2016-06-14,97.32,98.48,96.75,97.46,31931944
300,2016-06-15,97.82,98.41,97.03,97.14,29445227
301,2016-06-16,96.45,97.75,96.07,97.55,31326815
302,2016-06-17,96.62,96.65,95.3,95.33,61008219
303,2016-06-20,96.0,96.57,95.03,95.1,34411901
304,2016-06-21,94.94,96.35,94.68,95.91,35546358
305,2016-06-22,96.25,96.89,95.35,95.55,29219122
306,2016-06-23,95.94,96.29,95.25,96.1,32240187
307,2016-06-24,92.91,94.66,92.65,93.4,75311356
308,2016-06-27,93.0,93.05,91.5,92.04,46622188
309,2016-06-28,92.9,93.66,92.14,93.59,40444914
310,2016-06-29,93.97,94.55,93.63,94.4,36531006
311,2016-06-30,94.44,95.77,94.3,95.6,35836356
312,2016-07-01,95.49,96.47,95.33,95.89,26026540
313,2016-07-05,95.39,95.4,94.46,94.99,27705210
314,2016-07-06,94.6,95.66,94.37,95.53,30949090
315,2016-07-07,95.7,96.5,95.62,95.94,25139558
316,2016-07-08,96.49,96.89,96.05,96.68,28912103
317,2016-07-11,96.75,97.65,96.73,96.98,23794945
318,2016-07-12,97.17,97.7,97.12,97.42,24167463
319,2016-07-13,97.41,97.67,96.84,96.87,25892171
320,2016-07-14,97.39,98.99,97.32,98.79,38918997
321,2016-07-15,98.92,99.3,98.5,98.78,30136990
322,2016-07-18,98.7,100.13,98.6,99.83,36493867
323,2016-07-19,99.56,100.0,99.34,99.87,23779924
324,2016-07-20,100.0,100.46,99.74,99.96,26275968
325,2016-07-21,99.83,101.0,99.13,99.43,32702028
326,2016-07-22,99.26,99.3,98.31,98.66,28313669
327,2016-07-25,98.25,98.84,96.92,97.34,40382921
328,2016-07-26,96.82,97.97,96.42,96.67,56239822
329,2016-07-27,104.27,104.35,102.75,102.95,92344820
330,2016-07-28,102.83,104.45,102.82,104.34,39869839
331,2016-07-29,104.19,104.55,103.68,104.21,27733688
332,2016-08-01,104.41,106.15,104.41,106.05,38167871
333,2016-08-02,106.05,106.07,104.0,104.48,33816556
334,2016-08-03,104.81,105.84,104.77,105.79,30202641
335,2016-08-04,105.58,106.0,105.28,105.87,27408650
336,2016-08-05,106.27,107.65,106.18,107.48,40553402
337,2016-08-08,107.52,108.37,107.16,108.37,28037220
338,2016-08-09,108.23,108.94,108.01,108.81,26315204
339,2016-08-10,108.71,108.9,107.76,108.0,24008505
340,2016-08-11,108.52,108.93,107.85,107.93,27484506
341,2016-08-12,107.78,108.44,107.78,108.18,18660434
342,2016-08-15,108.14,109.54,108.08,109.48,25868209
343,2016-08-16,109.63,110.23,109.21,109.38,33794448
344,2016-08-17,109.1,109.37,108.34,109.22,25355976
345,2016-08-18,109.23,109.6,109.02,109.08,21984703
346,2016-08-19,108.77,109.69,108.36,109.36,25368072
347,2016-08-22,108.86,109.1,107.85,108.51,25820230
348,2016-08-23,108.59,109.32,108.53,108.85,21257669
349,2016-08-24,108.57,108.75,107.68,108.03,23675081
350,2016-08-25,107.39,107.88,106.68,107.57,25086248
351,2016-08-26,107.41,107.95,106.31,106.94,27766291
352,2016-08-29,106.62,107.44,106.29,106.82,24970300
353,2016-08-30,105.8,106.5,105.5,106.0,24863945
354,2016-08-31,105.66,106.57,105.64,106.1,29662406
355,2016-09-01,106.14,106.8,105.62,106.73,26701523
356,2016-09-02,107.7,108.0,106.82,107.73,26802450
357,2016-09-06,107.9,108.3,107.51,107.7,26880391
358,2016-09-07,107.83,108.76,107.07,108.36,42364328
359,2016-09-08,107.25,107.27,105.24,105.52,53002026
360,2016-09-09,104.64,105.72,103.13,103.13,46556984
361,2016-09-12,102.65,105.72,102.53,105.44,45292770
362,2016-09-13,107.51,108.79,107.24,107.95,62176190
363,2016-09-14,108.73,113.03,108.6,111.77,112340318
364,2016-09-15,113.86,115.73,113.49,115.57,90613177
365,2016-09-16,115.12,116.13,114.04,114.92,79886911
366,2016-09-19,115.19,116.18,113.25,113.58,47023046
367,2016-09-20,113.05,114.12,112.51,113.57,34514269
368,2016-09-21,113.85,113.99,112.44,113.55,36003185
369,2016-09-22,114.35,114.94,114.0,114.62,31073984
370,2016-09-23,114.42,114.79,111.55,112.71,52481151
371,2016-09-26,111.64,113.39,111.55,112.88,29869442
372,2016-09-27,113.0,113.18,112.34,113.09,24607412
373,2016-09-28,113.69,114.64,113.43,113.95,29641085
374,2016-09-29,113.16,113.8,111.8,112.18,35886990
375,2016-09-30,112.46,113.37,111.8,113.05,36379106
376,2016-10-03,112.71,113.05,112.28,112.52,21701760
377,2016-10-04,113.06,114.31,112.63,113.0,29736835
378,2016-10-05,113.4,113.66,112.69,113.05,21453089
379,2016-10-06,113.7,114.34,113.13,113.89,28779313
380,2016-10-07,114.31,114.56,113.51,114.06,24358443
381,2016-10-10,115.02,116.75,114.72,116.05,36235956
382,2016-10-11,117.7,118.69,116.2,116.3,64041043
383,2016-10-12,117.35,117.98,116.75,117.34,37586787
384,2016-10-13,116.79,117.44,115.72,116.98,35192406
385,2016-10-14,117.88,118.17,117.13,117.63,35652191
386,2016-10-17,117.33,117.84,116.78,117.55,23624896
387,2016-10-18,118.18,118.21,117.45,117.47,24553478
388,2016-10-19,117.25,117.76,113.8,117.12,20034594
389,2016-10-20,116.86,117.38,116.33,117.06,24125801
390,2016-10-21,116.81,116.91,116.28,116.6,23192665
391,2016-10-24,117.1,117.74,117.0,117.65,23538673
392,2016-10-25,117.95,118.36,117.31,118.25,48128970
393,2016-10-26,114.31,115.7,113.31,115.59,66134219
394,2016-10-27,115.39,115.86,114.1,114.48,34562045
395,2016-10-28,113.87,115.21,113.45,113.72,37861662
396,2016-10-31,113.65,114.23,113.2,113.54,26419398
397,2016-11-01,113.46,113.77,110.53,111.49,43825812
398,2016-11-02,111.4,112.35,111.23,111.59,28331709
399,2016-11-03,110.98,111.46,109.55,109.83,26932602
400,2016-11-04,108.53,110.25,108.11,108.84,30836997
401,2016-11-07,110.08,110.51,109.46,110.41,32560000
402,2016-11-08,110.31,111.72,109.7,111.06,24254179
403,2016-11-09,109.88,111.32,108.05,110.88,59176361
404,2016-11-10,111.09,111.09,105.83,107.79,57134541
405,2016-11-11,107.12,108.87,106.55,108.43,34143898
406,2016-11-14,107.71,107.81,104.08,105.71,51175504
407,2016-11-15,106.57,107.68,106.16,107.11,32264510
408,2016-11-16,106.7,110.23,106.6,109.99,58840522
409,2016-11-17,109.81,110.35,108.83,109.95,27632003
410,2016-11-18,109.72,110.54,109.66,110.06,28428917
411,2016-11-21,110.12,111.99,110.01,111.73,29264571
412,2016-11-22,111.95,112.42,111.4,111.8,25965534
413,2016-11-23,111.36,111.51,110.33,111.23,27426394
414,2016-11-25,111.13,111.87,110.95,111.79,11475922
415,2016-11-28,111.43,112.47,111.39,111.57,27193983
416,2016-11-29,110.78,112.03,110.07,111.46,28528750
417,2016-11-30,111.6,112.2,110.27,110.52,36162258
418,2016-12-01,110.37,110.94,109.03,109.49,37086862
419,2016-12-02,109.17,110.09,108.85,109.9,26527997
420,2016-12-05,110.0,110.03,108.25,109.11,34324540
421,2016-12-06,109.5,110.36,109.19,109.95,26195462
422,2016-12-07,109.26,111.19,109.16,111.03,29998719
423,2016-12-08,110.86,112.43,110.6,112.12,27068316
424,2016-12-09,112.31,114.7,112.31,113.95,34402627
425,2016-12-12,113.29,115.0,112.49,113.3,26374377
426,2016-12-13,113.84,115.92,113.75,115.19,43733811
427,2016-12-14,115.04,116.2,114.98,115.19,34031834
428,2016-12-15,115.38,116.73,115.23,115.82,46524544
429,2016-12-16,116.47,116.5,115.65,115.97,44351134
430,2016-12-19,115.8,117.38,115.75,116.64,27779423
431,2016-12-20,116.74,117.5,116.68,116.95,21424965
432,2016-12-21,116.8,117.4,116.78,117.06,23783165
433,2016-12-22,116.35,116.51,115.64,116.29,26085854
434,2016-12-23,115.59,116.52,115.59,116.52,14249484
435,2016-12-27,116.52,117.8,116.49,117.26,18296855
436,2016-12-28,117.52,118.02,116.2,116.76,20905892
437,2016-12-29,116.45,117.11,116.4,116.73,15039519
438,2016-12-30,116.65,117.2,115.43,115.82,30586265
439,2017-01-03,115.8,116.33,114.76,116.15,28781865
440,2017-01-04,115.85,116.51,115.75,116.02,21118116
441,2017-01-05,115.92,116.86,115.81,116.61,22193587
442,2017-01-06,116.78,118.16,116.47,117.91,31751900
443,2017-01-09,117.95,119.43,117.94,118.99,33561948
444,2017-01-10,118.77,119.38,118.3,119.11,24462051
445,2017-01-11,118.74,119.93,118.6,119.75,27588593
446,2017-01-12,118.9,119.3,118.21,119.25,27086220
447,2017-01-13,119.11,119.62,118.81,119.04,26111948
448,2017-01-17,118.34,120.24,118.22,120.0,34439843
449,2017-01-18,120.0,120.5,119.71,119.99,23712961
450,2017-01-19,119.4,120.09,119.37,119.78,25597291
451,2017-01-20,120.45,120.45,119.73,120.0,32597892
452,2017-01-23,120.0,120.81,119.77,120.08,22050218
453,2017-01-24,119.55,120.1,119.5,119.97,23211038
454,2017-01-25,120.42,122.1,120.28,121.88,32586673
455,2017-01-26,121.67,122.44,121.6,121.94,26337576
456,2017-01-27,122.14,122.35,121.6,121.95,20562944
457,2017-01-30,120.93,121.63,120.66,121.63,30377503
458,2017-01-31,121.15,121.39,120.62,121.35,49200993
459,2017-02-01,127.03,130.49,127.01,128.75,111985040
460,2017-02-02,127.98,129.39,127.78,128.53,33710411
461,2017-02-03,128.31,129.19,128.16,129.08,24507301
462,2017-02-06,129.13,130.5,128.9,130.29,26845924
463,2017-02-07,130.54,132.09,130.45,131.53,38183841
464,2017-02-08,131.35,132.22,131.22,132.04,23004072
465,2017-02-09,131.65,132.45,131.12,132.42,28349859
466,2017-02-10,132.46,132.94,132.05,132.12,20065458
467,2017-02-13,133.08,133.82,132.75,133.29,23035421
468,2017-02-14,133.47,135.09,133.25,135.02,33226223
469,2017-02-15,135.52,136.27,134.62,135.51,35623100
470,2017-02-16,135.67,135.9,134.84,135.35,22584555
471,2017-02-17,135.1,135.83,135.1,135.72,22198197
472,2017-02-21,136.23,136.75,135.98,136.7,24507156
473,2017-02-22,136.43,137.12,136.11,137.11,20836932
474,2017-02-23,137.38,137.48,136.3,136.53,20788186
475,2017-02-24,135.91,136.66,135.28,136.66,21776585
476,2017-02-27,137.14,137.44,136.28,136.93,20257426
477,2017-02-28,137.08,137.44,136.7,136.99,23482860
478,2017-03-01,137.89,140.15,137.6,139.79,36414585
479,2017-03-02,140.0,140.28,138.76,138.96,26210984
480,2017-03-03,138.78,139.83,138.59,139.78,21571121
481,2017-03-06,139.37,139.77,138.6,139.34,21750044
482,2017-03-07,139.06,139.98,138.79,139.52,17446297
483,2017-03-08,138.95,139.8,138.82,139.0,18707236
484,2017-03-09,138.74,138.79,137.05,138.68,22155904
485,2017-03-10,139.25,139.36,138.64,139.14,19612801
486,2017-03-13,138.85,139.43,138.82,139.2,17421717
487,2017-03-14,139.3,139.65,138.84,138.99,15309065
488,2017-03-15,139.41,140.75,139.03,140.46,25691774
489,2017-03-16,140.72,141.02,140.26,140.69,19231998
490,2017-03-17,141.0,141.0,139.89,139.99,43884952
491,2017-03-20,140.4,141.5,140.23,141.46,21542038
492,2017-03-21,142.11,142.8,139.73,139.84,39529912
493,2017-03-22,139.85,141.6,139.76,141.42,25860165
494,2017-03-23,141.26,141.58,140.61,140.92,20346301
495,2017-03-24,141.5,141.74,140.35,140.64,22395563
496,2017-03-27,139.39,141.22,138.62,140.88,23575094
497,2017-03-28,140.91,144.04,140.62,143.8,33374805
498,2017-03-29,143.68,144.49,143.19,144.12,29189955
499,2017-03-30,144.19,144.5,143.5,143.93,21207252
500,2017-03-31,143.72,144.27,143.01,143.66,19661651
501,2017-04-03,143.71,144.12,143.05,143.7,19985714
502,2017-04-04,143.25,144.89,143.17,144.77,19891354
503,2017-04-05,144.22,145.46,143.81,144.02,27717854
504,2017-04-06,144.29,144.52,143.45,143.66,21149034
505,2017-04-07,143.73,144.18,143.27,143.34,16672198
506,2017-04-10,143.6,143.88,142.9,143.17,18933397
507,2017-04-11,142.94,143.35,140.06,141.63,30379376
508,2017-04-12,141.6,142.15,141.01,141.8,20350000
509,2017-04-13,141.91,142.38,141.05,141.05,17822880
510,2017-04-17,141.48,141.88,140.87,141.83,16582094
511,2017-04-18,141.41,142.04,141.11,141.2,14697544
512,2017-04-19,141.88,142.0,140.45,140.68,17328375
513,2017-04-20,141.22,142.92,141.16,142.44,23319562
514,2017-04-21,142.44,142.68,141.85,142.27,17320928
515,2017-04-24,143.5,143.95,143.18,143.64,17134333
516,2017-04-25,143.91,144.9,143.87,144.53,18871501
517,2017-04-26,144.47,144.6,143.38,143.68,20041241
518,2017-04-27,143.92,144.16,143.31,143.79,14246347
519,2017-04-28,144.09,144.3,143.27,143.65,20860358
520,2017-05-01,145.1,147.2,144.96,146.58,33602943
521,2017-05-02,147.54,148.09,146.84,147.51,45352194
522,2017-05-03,145.59,147.49,144.27,147.06,45697034
523,2017-05-04,146.52,147.14,145.81,146.53,23371872
524,2017-05-05,146.76,148.98,146.76,148.96,27327725
525,2017-05-08,149.03,153.7,149.03,153.01,48752413
526,2017-05-09,153.87,154.88,153.45,153.99,39130363
527,2017-05-10,153.63,153.94,152.11,153.26,25805692
528,2017-05-11,152.45,154.07,152.31,153.95,27255058
529,2017-05-12,154.7,156.42,154.67,156.1,32527017
530,2017-05-15,156.01,156.65,155.05,155.7,26009719
531,2017-05-16,155.94,156.06,154.72,155.47,20048478
532,2017-05-17,153.6,154.57,149.71,150.25,50767678
533,2017-05-18,151.27,153.34,151.13,152.54,33568215
534,2017-05-19,153.38,153.98,152.63,153.06,26960788
535,2017-05-22,154.0,154.58,152.91,153.99,22966437
536,2017-05-23,154.9,154.9,153.31,153.8,19918871
537,2017-05-24,153.84,154.17,152.67,153.34,19219154
538,2017-05-25,153.73,154.35,153.03,153.87,19235598
539,2017-05-26,154.0,154.24,153.31,153.61,21927637
540,2017-05-30,153.42,154.43,153.33,153.67,20126851
541,2017-05-31,153.97,154.17,152.38,152.76,24451164
542,2017-06-01,153.17,153.33,152.22,153.18,16404088
543,2017-06-02,153.58,155.45,152.89,155.45,27770715
544,2017-06-05,154.34,154.45,153.46,153.93,25331662
545,2017-06-06,153.9,155.81,153.78,154.45,26624926
546,2017-06-07,155.02,155.98,154.48,155.37,21069647
547,2017-06-08,155.25,155.54,154.4,154.99,21250798
548,2017-06-09,155.19,155.19,146.02,148.98,64882657
549,2017-06-12,145.74,146.09,142.51,145.42,72307330
550,2017-06-13,147.16,147.45,145.15,146.59,34165445
551,2017-06-14,147.5,147.5,143.84,145.16,31531232
552,2017-06-15,143.32,144.48,142.21,144.29,32165373
553,2017-06-16,143.78,144.5,142.2,142.27,50361093
554,2017-06-19,143.66,146.74,143.66,146.34,32541404
555,2017-06-20,146.87,146.87,144.94,145.01,24900073
556,2017-06-21,145.52,146.07,144.61,145.87,21265751
557,2017-06-22,145.77,146.7,145.12,145.63,19106294
558,2017-06-23,145.13,147.16,145.11,146.28,35439389
559,2017-06-26,147.17,148.28,145.38,145.82,25692361
560,2017-06-27,145.01,146.16,143.62,143.73,24761891
561,2017-06-28,144.49,146.11,143.16,145.83,22082432
562,2017-06-29,144.71,145.13,142.28,143.68,31499368
563,2017-06-30,144.45,144.96,143.78,144.02,23024107
564,2017-07-03,144.88,145.3,143.1,143.5,14277848
565,2017-07-05,143.69,144.79,142.72,144.09,21569557
566,2017-07-06,143.02,143.5,142.41,142.73,24128782
567,2017-07-07,142.9,144.75,142.9,144.18,19201712
568,2017-07-10,144.11,145.95,143.37,145.06,21090636
569,2017-07-11,144.73,145.85,144.38,145.53,19781836
570,2017-07-12,145.87,146.18,144.82,145.74,24884478
571,2017-07-13,145.5,148.49,145.44,147.77,25199373
572,2017-07-14,147.97,149.33,147.33,149.04,20132061
573,2017-07-17,148.82,150.9,148.57,149.56,23793456
574,2017-07-18,149.2,150.13,148.67,150.08,17868792
575,2017-07-19,150.48,151.42,149.95,151.02,20922969
576,2017-07-20,151.5,151.74,150.19,150.34,17243748
577,2017-07-21,149.99,150.44,148.88,150.27,26252630
578,2017-07-24,150.58,152.44,149.9,152.09,21493160
579,2017-07-25,151.8,153.84,151.8,152.74,18853932
580,2017-07-26,153.35,153.93,153.06,153.46,15780951
581,2017-07-27,153.75,153.99,147.3,150.56,32476337
582,2017-07-28,149.89,150.23,149.19,149.5,17213653
583,2017-07-31,149.9,150.33,148.13,148.73,19845920
584,2017-08-01,149.1,150.22,148.41,150.05,35368645
585,2017-08-02,159.28,159.75,156.16,157.14,69936800
586,2017-08-03,157.05,157.21,155.02,155.57,27097296
587,2017-08-04,156.07,157.4,155.69,156.39,20559852
588,2017-08-07,157.06,158.92,156.67,158.81,21870321
589,2017-08-08,158.6,161.83,158.27,160.08,36205896
590,2017-08-09,159.26,161.27,159.11,161.06,26131530
591,2017-08-10,159.9,160.0,154.63,155.32,40804273
592,2017-08-11,156.6,158.57,156.07,157.48,26257096
593,2017-08-14,159.32,160.21,158.75,159.85,22122734
594,2017-08-15,160.66,162.2,160.14,161.6,29465487
595,2017-08-16,161.94,162.51,160.15,160.95,27671612
596,2017-08-17,160.52,160.71,157.84,157.86,27940565
597,2017-08-18,157.86,159.5,156.72,157.5,27428069
598,2017-08-21,157.5,157.89,155.11,157.21,26368528
599,2017-08-22,158.23,160.0,158.02,159.78,21604585
600,2017-08-23,159.07,160.47,158.88,159.98,19399081
601,2017-08-24,160.43,160.74,158.55,159.27,19818918
602,2017-08-25,159.65,160.56,159.27,159.86,25480063
603,2017-08-28,160.14,162.0,159.93,161.47,25965972
604,2017-08-29,160.1,163.12,160.0,162.91,29516910
605,2017-08-30,163.8,163.89,162.61,163.35,27269584
606,2017-08-31,163.64,164.52,163.48,164.0,26785096
607,2017-09-01,164.8,164.94,163.63,164.05,16591051
608,2017-09-05,163.75,164.25,160.56,162.08,29536314
609,2017-09-06,162.71,162.99,160.52,161.91,21651726
610,2017-09-07,162.09,162.24,160.36,161.26,21928502
611,2017-09-08,160.86,161.15,158.53,158.63,28611535
612,2017-09-11,160.5,162.05,159.89,161.5,31580798
613,2017-09-12,162.61,163.96,158.77,160.86,71714046
614,2017-09-13,159.87,159.96,157.91,159.65,44907361
615,2017-09-14,158.99,159.4,158.09,158.28,23760749
616,2017-09-15,158.47,160.97,158.0,159.88,49114602
617,2017-09-18,160.11,160.5,158.0,158.67,28269435
618,2017-09-19,159.51,159.77,158.44,158.73,20810632
619,2017-09-20,157.9,158.26,153.83,156.07,52951364
620,2017-09-21,155.8,155.8,152.75,153.39,37511661
621,2017-09-22,152.02,152.27,150.56,151.89,46645443
622,2017-09-25,149.99,151.83,149.16,150.55,44387336
623,2017-09-26,151.78,153.92,151.69,153.14,36660045
624,2017-09-27,153.8,154.72,153.54,154.23,25504227
625,2017-09-28,153.89,154.28,152.7,153.28,22005455
626,2017-09-29,153.21,154.13,152.0,154.12,26299810
627,2017-10-02,154.26,154.45,152.72,153.81,18698842
628,2017-10-03,154.01,155.09,153.91,154.48,16230293
629,2017-10-04,153.63,153.86,152.46,153.48,20163750
630,2017-10-05,154.18,155.44,154.05,155.39,21283769
631,2017-10-06,154.97,155.49,154.56,155.3,17407558
632,2017-10-09,155.81,156.73,155.49,155.84,16262923
633,2017-10-10,156.06,158.0,155.1,155.9,15617014
634,2017-10-11,155.97,156.98,155.75,156.55,16905640
635,2017-10-12,156.35,157.37,155.73,156.0,16125054
636,2017-10-13,156.73,157.28,156.41,156.99,16394188
637,2017-10-16,157.9,160.0,157.65,159.88,24121452
638,2017-10-17,159.78,160.87,159.23,160.47,18997275
639,2017-10-18,160.42,160.71,159.6,159.76,16374164
640,2017-10-19,156.75,157.08,155.02,155.98,42584166
641,2017-10-20,156.61,157.75,155.96,156.25,23974146
642,2017-10-23,156.89,157.69,155.5,156.17,21984327
643,2017-10-24,156.29,157.42,156.2,157.1,17757230
644,2017-10-25,156.91,157.55,155.27,156.41,21207098
645,2017-10-26,157.23,157.83,156.78,157.41,17000469
646,2017-10-27,159.29,163.6,158.7,163.05,44454160
647,2017-10-30,163.89,168.07,163.72,166.72,44700772
648,2017-10-31,167.9,169.65,166.94,169.04,36046828
649,2017-11-01,169.87,169.94,165.61,166.89,33637762
650,2017-11-02,167.64,168.5,165.28,168.11,41393373
651,2017-11-03,174.0,174.26,171.12,172.5,59398631
652,2017-11-06,172.37,174.99,171.72,174.25,35026306
653,2017-11-07,173.91,175.25,173.6,174.81,24361485
654,2017-11-08,174.66,176.24,174.33,176.24,24409527
655,2017-11-09,175.11,176.1,173.14,175.88,29482596
656,2017-11-10,175.11,175.38,174.27,174.67,25145500
657,2017-11-13,173.5,174.5,173.4,173.97,16982080
658,2017-11-14,173.04,173.48,171.18,171.34,24782487
659,2017-11-15,169.97,170.32,168.38,169.08,29158070
660,2017-11-16,171.18,171.87,170.3,171.1,23637484
661,2017-11-17,171.04,171.39,169.64,170.15,21899544
662,2017-11-20,170.29,170.56,169.56,169.98,16262447
663,2017-11-21,170.78,173.7,170.78,173.14,25131295
664,2017-11-22,173.36,175.0,173.05,174.96,25588925
665,2017-11-24,175.1,175.5,174.65,174.97,14026673
666,2017-11-27,175.05,175.08,173.34,174.09,20716802
667,2017-11-28,174.3,174.87,171.86,173.07,26428802
668,2017-11-29,172.63,172.92,167.16,169.48,41666364
669,2017-11-30,170.43,172.14,168.44,171.85,41527218
670,2017-12-01,169.95,171.67,168.5,171.05,39759288
671,2017-12-04,172.48,172.62,169.63,169.8,32542385
672,2017-12-05,169.06,171.52,168.4,169.64,27350154
673,2017-12-06,167.5,170.2,166.46,169.01,28560000
674,2017-12-07,169.03,170.44,168.91,169.32,25673308
675,2017-12-08,170.49,171.0,168.82,169.37,23355231
676,2017-12-11,169.2,172.89,168.79,172.67,35273759
677,2017-12-12,172.15,172.39,171.46,171.7,19409230
678,2017-12-13,172.5,173.54,172.0,172.27,23818447
679,2017-12-14,172.4,173.13,171.65,172.22,20476541
680,2017-12-15,173.63,174.17,172.46,173.97,40169307
681,2017-12-18,174.88,177.2,174.86,176.42,29421114
682,2017-12-19,175.03,175.39,174.09,174.54,27436447
683,2017-12-20,174.87,175.42,173.25,174.35,23475649
684,2017-12-21,174.17,176.02,174.1,175.01,20949896
685,2017-12-22,174.68,175.42,174.5,175.01,16349444
686,2017-12-26,170.8,171.47,169.68,170.57,33185536
687,2017-12-27,170.1,170.78,169.71,170.6,21498213
688,2017-12-28,171.0,171.85,170.48,171.08,16480187
689,2017-12-29,170.52,170.59,169.22,169.23,25999922
690,2018-01-02,170.16,172.3,169.26,172.26,25555934
691,2018-01-03,172.53,174.55,171.96,172.23,29517899
692,2018-01-04,172.54,173.47,172.08,173.03,22434597
693,2018-01-05,173.44,175.37,173.05,175.0,23660018
694,2018-01-08,174.35,175.61,173.93,174.35,20567766
695,2018-01-09,174.55,175.06,173.41,174.33,21583997
696,2018-01-10,173.16,174.3,173.0,174.29,23959895
697,2018-01-11,174.59,175.49,174.49,175.28,18667729
698,2018-01-12,176.18,177.36,175.65,177.09,25418080
699,2018-01-16,177.9,179.39,176.14,176.19,29565947
700,2018-01-17,176.15,179.25,175.07,179.1,34386836
701,2018-01-18,179.37,180.1,178.25,179.26,31193352
702,2018-01-19,178.61,179.58,177.41,178.46,32425067
703,2018-01-22,177.3,177.78,176.6,177.0,27108551
704,2018-01-23,177.3,179.44,176.82,177.04,32689146
705,2018-01-24,177.25,177.3,173.2,174.22,51105090
706,2018-01-25,174.51,174.95,170.53,171.11,41529004
707,2018-01-26,172.0,172.0,170.06,171.51,39143011
708,2018-01-29,170.16,170.16,167.07,167.96,50640406
709,2018-01-30,165.53,167.37,164.7,166.97,46048185
710,2018-01-31,166.87,168.44,166.5,167.43,32478930
711,2018-02-01,167.17,168.62,166.76,167.78,47230787
712,2018-02-02,166.0,166.8,160.1,160.5,86593825
713,2018-02-05,159.1,163.88,156.0,156.49,72738522
714,2018-02-06,154.83,163.72,154.0,163.03,68243838
715,2018-02-07,163.09,163.4,159.07,159.54,51608580
716,2018-02-08,160.29,161.0,155.03,155.15,54390516
717,2018-02-09,157.07,157.89,150.24,156.41,70672608
718,2018-02-12,158.5,163.89,157.51,162.71,60819539
719,2018-02-13,161.95,164.75,161.65,164.34,32549163
720,2018-02-14,163.04,167.54,162.88,167.37,40644933
721,2018-02-15,169.79,173.09,169.0,172.99,51147171
722,2018-02-16,172.36,174.82,171.77,172.43,40176091
723,2018-02-20,172.05,174.26,171.42,171.85,33930540
724,2018-02-21,172.83,174.12,171.01,171.07,37471623
725,2018-02-22,171.8,173.95,171.71,172.5,30991940
726,2018-02-23,173.67,175.65,173.54,175.5,33812360
727,2018-02-26,176.35,179.39,176.21,178.97,38162174
728,2018-02-27,179.1,180.48,178.16,178.39,38928125
729,2018-02-28,179.26,180.62,178.05,178.12,37782138
730,2018-03-01,178.54,179.78,172.66,175.0,48801970
731,2018-03-02,172.8,176.3,172.45,176.21,38453950
732,2018-03-05,175.21,177.74,174.52,176.82,28401366
733,2018-03-06,177.91,178.25,176.13,176.67,23788506
734,2018-03-07,174.94,175.85,174.27,175.03,31703462
735,2018-03-08,175.48,177.12,175.07,176.94,23774107
736,2018-03-09,177.96,180.0,177.39,179.98,32185162
737,2018-03-12,180.29,182.39,180.21,181.72,32207081
738,2018-03-13,182.59,183.5,179.24,179.97,31693529
739,2018-03-14,180.32,180.52,177.81,178.44,29368356
740,2018-03-15,178.5,180.24,178.07,178.65,22743798
741,2018-03-16,178.65,179.12,177.62,178.02,39404688
742,2018-03-19,177.32,177.47,173.66,175.3,33446771
743,2018-03-20,175.24,176.8,174.94,175.24,19649350
744,2018-03-21,175.04,175.09,171.26,171.27,37054935
745,2018-03-22,170.0,172.68,168.6,168.85,41490767
746,2018-03-23,168.39,169.92,164.94,164.94,41028784
747,2018-03-26,168.07,173.1,166.44,172.77,37541236
748,2018-03-27,173.68,175.15,166.92,168.34,40922579
749,2018-03-28,167.25,170.02,165.19,166.48,41668545
750,2018-03-29,167.81,171.75,166.9,167.78,38398505
751,2018-04-02,167.88,168.94,164.47,166.68,37586791
752,2018-04-03,167.64,168.75,164.88,168.39,30278046
753,2018-04-04,164.88,172.01,164.77,171.61,34605489
754,2018-04-05,172.58,174.23,172.08,172.8,26933197
755,2018-04-06,170.97,172.48,168.2,168.38,35005290
756,2018-04-09,169.88,173.09,169.85,170.05,29017718
757,2018-04-10,173.0,174.0,171.53,173.25,28614241
758,2018-04-11,172.23,173.92,171.7,172.44,22431640
759,2018-04-12,173.41,175.0,173.04,174.14,22889285
760,2018-04-13,174.78,175.84,173.85,174.73,25124255
761,2018-04-16,175.03,176.19,174.83,175.82,21578420
762,2018-04-17,176.49,178.94,176.41,178.24,26605442
763,2018-04-18,177.81,178.82,176.88,177.84,20754538
764,2018-04-19,174.95,175.39,172.66,172.8,34808800
765,2018-04-20,170.6,171.22,165.43,165.72,65491140
766,2018-04-23,166.83,166.92,164.09,165.24,36515477
767,2018-04-24,165.67,166.33,161.22,162.94,33692017
768,2018-04-25,162.62,165.42,162.41,163.65,28382084
769,2018-04-26,164.12,165.73,163.37,164.22,27963014
770,2018-04-27,164.0,164.33,160.63,162.32,35655839
771,2018-04-30,162.13,167.26,161.84,165.26,42427424
772,2018-05-01,166.41,169.2,165.27,169.1,53569376
773,2018-05-02,175.23,177.75,173.8,176.57,66539371
774,2018-05-03,175.88,177.5,174.44,176.89,34068180
775,2018-05-04,178.25,184.25,178.17,183.83,56201317
776,2018-05-07,185.18,187.67,184.75,185.16,42451423
777,2018-05-08,184.99,186.22,183.67,186.05,28402777
778,2018-05-09,186.55,187.4,185.22,187.36,23211241
779,2018-05-10,187.74,190.37,187.65,190.04,27989289
780,2018-05-11,189.49,190.06,187.45,188.59,26212221
781,2018-05-14,189.01,189.53,187.86,188.15,20778772
782,2018-05-15,186.78,187.07,185.1,186.44,23695159
783,2018-05-16,186.07,188.46,186.0,188.18,19183064
784,2018-05-17,188.0,188.91,186.36,186.99,17294029
785,2018-05-18,187.19,187.81,186.13,186.31,18297728
786,2018-05-21,188.0,189.27,186.91,187.63,18400787
787,2018-05-22,188.38,188.88,186.78,187.16,15240704
788,2018-05-23,186.35,188.5,185.76,188.36,20058415
789,2018-05-24,188.77,188.84,186.21,188.15,23233975
790,2018-05-25,188.23,189.65,187.65,188.58,17460963
791,2018-05-29,187.6,188.75,186.87,187.9,22514075
792,2018-05-30,187.72,188.0,186.78,187.5,18690547
793,2018-05-31,187.22,188.23,186.14,186.87,27482793
794,2018-06-01,187.99,190.26,187.75,190.24,23442510
795,2018-06-04,191.64,193.42,191.35,191.83,26266174
796,2018-06-05,193.07,193.94,192.36,193.31,21565963
797,2018-06-06,193.63,194.08,191.92,193.98,20933619
798,2018-06-07,194.14,194.2,192.34,193.46,21347180
799,2018-06-08,191.17,192.0,189.77,191.7,26656799
800,2018-06-11,191.35,191.97,190.21,191.23,18308460
801,2018-06-12,191.39,192.61,191.15,192.28,16911141
802,2018-06-13,192.42,192.88,190.44,190.7,21638393
803,2018-06-14,191.55,191.57,190.22,190.8,21610074
804,2018-06-15,190.03,190.16,188.26,188.84,61719160
805,2018-06-18,187.88,189.22,187.2,188.74,18484865
806,2018-06-19,185.14,186.33,183.45,185.69,33578455
807,2018-06-20,186.35,187.2,185.73,186.5,20628701
808,2018-06-21,187.25,188.35,184.94,185.46,25711898
809,2018-06-22,186.12,186.15,184.7,184.92,27200447
810,2018-06-25,183.4,184.92,180.73,182.17,31663096
811,2018-06-26,182.99,186.53,182.54,184.43,24569201
812,2018-06-27,185.23,187.28,184.03,184.16,25285328
813,2018-06-28,184.1,186.21,183.8,185.5,17365235
814,2018-06-29,186.29,187.19,182.91,185.11,22737666
815,2018-07-02,183.82,187.3,183.42,187.18,17731343
816,2018-07-03,187.79,187.95,183.54,183.92,13954806
817,2018-07-05,185.26,186.41,184.28,185.4,16604248
818,2018-07-06,185.42,188.43,185.2,187.97,17485245
819,2018-07-09,189.5,190.68,189.3,190.58,19756634
820,2018-07-10,190.71,191.28,190.18,190.35,15939149
821,2018-07-11,188.5,189.78,187.61,187.88,18831470
822,2018-07-12,189.53,191.41,189.31,191.03,18041131
823,2018-07-13,191.08,191.84,190.9,191.33,12519792
824,2018-07-16,191.52,192.65,190.42,190.91,15043110
825,2018-07-17,189.75,191.87,189.2,191.45,15534523
826,2018-07-18,191.78,191.8,189.93,190.4,16393381
827,2018-07-19,189.69,192.55,189.69,191.88,20286752
828,2018-07-20,191.78,192.43,190.17,191.44,20706042
829,2018-07-23,190.68,191.96,189.56,191.61,15989365
830,2018-07-24,192.45,193.66,192.05,193.0,18697898
831,2018-07-25,193.06,194.85,192.43,194.82,16826483
832,2018-07-26,194.61,195.96,193.61,194.21,19075964
833,2018-07-27,194.99,195.19,190.1,190.98,24023972
834,2018-07-30,191.9,192.2,189.07,189.91,21029535
835,2018-07-31,190.3,192.14,189.34,190.29,39373038
836,2018-08-01,199.13,201.76,197.31,201.5,67935716
837,2018-08-02,200.58,208.38,200.35,207.39,62404012
838,2018-08-03,207.03,208.74,205.48,207.99,33447396
839,2018-08-06,208.0,209.25,207.07,209.07,25425387
840,2018-08-07,209.32,209.5,206.76,207.11,25587387
841,2018-08-08,206.05,207.81,204.52,207.25,22525487
842,2018-08-09,207.28,209.78,207.2,208.88,23492626
843,2018-08-10,207.36,209.1,206.67,207.53,24611202
844,2018-08-13,207.7,210.95,207.7,208.87,25890880
845,2018-08-14,210.16,210.56,208.26,209.75,20748010
846,2018-08-15,209.22,210.74,208.33,210.24,28807564
847,2018-08-16,211.75,213.81,211.47,213.32,28500367
848,2018-08-17,213.44,217.95,213.16,217.58,35426997
849,2018-08-20,218.1,219.18,215.11,215.46,30287695
850,2018-08-21,216.8,217.19,214.03,215.04,26159755
851,2018-08-22,214.1,216.36,213.84,215.05,19018131
852,2018-08-23,214.65,217.05,214.6,215.49,18883224
853,2018-08-24,216.6,216.9,215.11,216.16,18476356
854,2018-08-27,217.15,218.74,216.33,217.94,20525117
855,2018-08-28,219.01,220.54,218.92,219.7,22776766
856,2018-08-29,220.15,223.49,219.41,222.98,27254804
857,2018-08-30,223.25,228.26,222.4,225.03,48793824
858,2018-08-31,226.51,228.87,226.0,227.63,43340134
859,2018-09-04,228.41,229.18,226.63,228.36,27390132
860,2018-09-05,228.99,229.67,225.1,226.87,33332960
861,2018-09-06,226.23,227.35,221.3,223.1,34289976
862,2018-09-07,221.85,225.37,220.71,221.3,37619810
863,2018-09-10,220.95,221.85,216.47,218.33,39516453
864,2018-09-11,218.01,224.3,216.56,223.85,35749049
865,2018-09-12,224.94,225.0,219.84,221.07,49278740
866,2018-09-13,223.52,228.35,222.57,226.41,41706377
867,2018-09-14,225.75,226.84,222.52,223.84,31999289
868,2018-09-17,222.15,222.95,217.27,217.88,37195133
869,2018-09-18,217.79,221.85,217.12,218.24,31571712
870,2018-09-19,218.5,219.62,215.3,218.37,27123833
871,2018-09-20,220.24,222.28,219.15,220.03,26608794
872,2018-09-21,220.78,221.36,217.29,217.66,96246748
873,2018-09-24,216.82,221.26,216.63,220.79,27693358
874,2018-09-25,219.75,222.82,219.7,222.19,24554379
875,2018-09-26,221.0,223.75,219.76,220.42,23984706
876,2018-09-27,223.82,226.44,223.54,224.95,30181227
877,2018-09-28,224.79,225.84,224.02,225.74,22929364
878,2018-10-01,227.95,229.42,226.35,227.26,23600802
879,2018-10-02,227.25,230.0,226.63,229.28,24788170
880,2018-10-03,230.05,233.47,229.78,232.07,28654799
881,2018-10-04,230.78,232.35,226.73,227.99,32042000
882,2018-10-05,227.96,228.41,220.58,224.29,33580463
883,2018-10-08,222.21,224.8,220.2,223.77,29663923
884,2018-10-09,223.64,227.27,222.25,226.87,26891029
885,2018-10-10,225.46,226.35,216.05,216.36,41990554
886,2018-10-11,214.52,219.5,212.32,214.45,53124392
887,2018-10-12,220.42,222.88,216.84,222.11,40337851
888,2018-10-15,221.16,221.83,217.27,217.36,30791007
889,2018-10-16,218.93,222.99,216.76,222.15,29183963
890,2018-10-17,222.3,222.64,219.34,221.19,22885397
891,2018-10-18,217.86,219.74,213.0,216.02,32581315
892,2018-10-19,218.06,221.26,217.43,219.31,33078726
893,2018-10-22,219.79,223.36,218.94,220.65,28792082
894,2018-10-23,215.83,223.25,214.7,222.73,38767846
895,2018-10-24,222.6,224.23,214.54,215.09,40925163
896,2018-10-25,217.71,221.38,216.75,219.8,29855768
897,2018-10-26,215.9,220.19,212.67,216.3,47258375
898,2018-10-29,219.19,219.69,206.09,212.24,45935520
899,2018-10-30,211.15,215.18,209.27,213.3,36659990
900,2018-10-31,216.88,220.45,216.62,218.86,38358933
901,2018-11-01,219.05,222.36,216.81,222.22,58323180
902,2018-11-02,209.55,213.65,205.43,207.48,91328654
903,2018-11-05,204.3,204.39,198.17,201.59,66163669
904,2018-11-06,201.92,204.72,201.69,203.77,31882881
905,2018-11-07,205.97,210.06,204.13,209.95,33424434
906,2018-11-08,209.98,210.12,206.75,208.49,25362636
907,2018-11-09,205.55,206.01,202.25,204.47,34365750
908,2018-11-12,199.0,199.85,193.79,194.17,51135518
909,2018-11-13,191.63,197.18,191.45,192.23,46882936
910,2018-11-14,193.9,194.48,185.93,186.8,60800957
911,2018-11-15,188.39,191.97,186.9,191.41,46478801
912,2018-11-16,190.5,194.97,189.46,193.53,36928253
913,2018-11-19,190.0,190.7,184.99,185.86,41920872
914,2018-11-20,178.37,181.47,175.51,176.98,67825247
915,2018-11-21,179.73,180.27,176.55,176.78,31124210
916,2018-11-23,174.94,176.6,172.1,172.29,23623972
917,2018-11-26,174.24,174.95,170.26,174.62,44998520
918,2018-11-27,171.51,174.77,170.88,174.24,41387377
919,2018-11-28,176.73,181.29,174.93,180.94,46062539
920,2018-11-29,182.66,182.8,177.7,179.55,41769992
921,2018-11-30,180.29,180.33,177.03,178.58,39531549
922,2018-12-03,184.46,184.94,181.21,184.82,40798002
923,2018-12-04,180.95,182.39,176.27,176.69,41344282
924,2018-12-06,171.76,174.78,170.42,174.72,43098410
925,2018-12-07,173.49,174.49,168.3,168.49,42281631
926,2018-12-10,165.0,170.09,163.33,169.6,62025994
927,2018-12-11,171.66,171.79,167.0,168.63,47281665
928,2018-12-12,170.4,171.92,169.02,169.1,35627674
929,2018-12-13,170.49,172.57,169.55,170.95,31897827
930,2018-12-14,169.0,169.08,165.28,165.48,40703710
931,2018-12-17,165.45,168.35,162.73,163.94,44287922
932,2018-12-18,165.38,167.53,164.39,166.07,33841518
933,2018-12-19,166.0,167.45,159.09,160.89,49047297
934,2018-12-20,160.4,162.11,155.3,156.83,64772960
935,2018-12-21,156.86,158.16,149.63,150.73,95744384
936,2018-12-24,148.15,151.55,146.59,146.83,37169232
937,2018-12-26,148.3,157.23,146.72,157.17,58582544
938,2018-12-27,155.84,156.77,150.07,156.15,53117065
939,2018-12-28,157.5,158.52,154.55,156.23,42291424
940,2018-12-31,158.53,159.36,156.48,157.74,35003466
941,2019-01-02,154.89,158.85,154.23,157.92,37039737
942,2019-01-03,143.98,145.72,142.0,142.19,91312195
943,2019-01-04,144.53,148.55,143.8,148.26,58607070
944,2019-01-07,148.7,148.83,145.9,147.93,54777764
945,2019-01-08,149.56,151.82,148.52,150.75,41025314
946,2019-01-09,151.29,154.53,149.63,153.31,45099081
947,2019-01-10,152.5,153.97,150.86,153.8,35780670
948,2019-01-11,152.88,153.7,151.51,152.29,27023241
949,2019-01-14,150.85,151.27,149.22,150.0,32439186
950,2019-01-15,150.27,153.39,150.05,153.07,28710324
951,2019-01-16,153.08,155.88,153.0,154.94,30569706
952,2019-01-17,154.2,157.66,153.26,155.86,29821160
953,2019-01-18,157.5,157.88,155.98,156.82,33751023
954,2019-01-22,156.41,156.73,152.62,153.3,30393970
955,2019-01-23,154.15,155.14,151.7,153.92,23130570
956,2019-01-24,154.11,154.48,151.74,152.7,25441549
957,2019-01-25,155.48,158.13,154.32,157.76,33547893
958,2019-01-28,155.79,156.33,153.66,156.3,26192058
959,2019-01-29,156.25,158.13,154.11,154.68,41587239
960,2019-01-30,163.25,166.15,160.23,165.25,61109780
961,2019-01-31,166.11,169.0,164.56,166.44,40739649
962,2019-02-01,166.96,168.98,165.93,166.52,32668138
963,2019-02-04,167.41,171.66,167.28,171.25,31495582
964,2019-02-05,172.86,175.08,172.35,174.18,36101628
965,2019-02-06,174.65,175.57,172.85,174.24,28239591
966,2019-02-07,172.4,173.94,170.34,170.94,31741690
967,2019-02-08,168.99,170.66,168.42,170.41,23819966
968,2019-02-11,171.05,171.21,169.25,169.43,20993425
969,2019-02-12,170.1,171.0,169.7,170.89,22283523
970,2019-02-13,171.39,172.48,169.92,170.18,22490233
971,2019-02-14,169.71,171.26,169.38,170.8,21835747
972,2019-02-15,171.25,171.7,169.75,170.42,24626814
973,2019-02-19,169.71,171.44,169.49,170.93,18972826
974,2019-02-20,171.19,173.32,170.99,172.03,26114362
975,2019-02-21,171.8,172.37,170.3,171.06,17249670
976,2019-02-22,171.58,173.0,171.38,172.97,18913154
977,2019-02-25,174.16,175.87,173.95,174.23,21873358
978,2019-02-26,173.71,175.3,173.17,174.33,17070211
979,2019-02-27,173.21,175.0,172.73,174.87,27835389
980,2019-02-28,174.32,174.91,172.92,173.15,28215416
981,2019-03-01,174.28,175.15,172.89,174.97,25886167
982,2019-03-04,175.69,177.75,173.97,175.85,27436203
983,2019-03-05,175.94,176.0,174.54,175.53,19737419
984,2019-03-06,174.67,175.49,173.94,174.52,20810384
985,2019-03-07,173.87,174.44,172.02,172.5,24796374
986,2019-03-08,170.32,173.07,169.5,172.91,23999358
987,2019-03-11,175.49,179.12,175.35,178.9,32011034
988,2019-03-12,180.0,182.67,179.37,180.91,32467584
989,2019-03-13,182.25,183.3,180.92,181.71,31032524
990,2019-03-14,183.9,184.1,182.56,183.73,23579508
991,2019-03-15,184.85,187.33,183.74,186.12,39042912
992,2019-03-18,185.8,188.39,185.79,188.02,26219832
993,2019-03-19,188.35,188.99,185.92,186.53,31646369
994,2019-03-20,186.23,189.49,184.73,188.16,31035231
995,2019-03-21,190.02,196.33,189.81,195.09,51034237
996,2019-03-22,195.34,197.69,190.78,191.05,42407666
997,2019-03-25,191.51,191.98,186.6,188.74,43845293
998,2019-03-26,191.66,192.88,184.58,186.79,49800538
999,2019-03-27,188.75,189.76,186.55,188.47,29848427
1000,2019-03-28,188.95,189.56,187.53,188.72,20780363
1001,2019-03-29,189.83,190.08,188.54,189.95,23563961
1002,2019-04-01,191.64,191.68,188.38,191.24,27861964
1003,2019-04-02,191.09,194.46,191.05,194.02,22765732
1004,2019-04-03,193.25,196.5,193.15,195.35,23271830
1005,2019-04-04,194.79,196.37,193.14,195.69,19114275
1006,2019-04-05,196.45,197.1,195.93,197.0,18526644
1007,2019-04-08,196.42,200.23,196.34,200.1,25881697
1008,2019-04-09,200.32,202.85,199.23,199.5,35768237
1009,2019-04-10,198.68,200.74,198.18,200.62,21695288
1010,2019-04-11,200.85,201.0,198.44,198.95,20900808
1011,2019-04-12,199.2,200.14,196.21,198.87,27760668
1012,2019-04-15,198.58,199.85,198.01,199.23,17536646
1013,2019-04-16,199.46,201.37,198.56,199.25,25696385
1014,2019-04-17,199.54,203.38,198.61,203.13,28906780
1015,2019-04-18,203.12,204.15,202.52,203.86,24195766
1016,2019-04-22,202.83,204.94,202.34,204.53,19439545
1017,2019-04-23,204.43,207.75,203.9,207.48,23322991
1018,2019-04-24,207.36,208.48,207.05,207.16,17540609
1019,2019-04-25,206.83,207.76,205.12,205.28,18543206
1020,2019-04-26,204.9,205.0,202.12,204.3,18649102
1021,2019-04-29,204.4,205.97,203.86,204.61,22204716
1022,2019-04-30,203.06,203.4,199.11,200.67,46534923
1023,2019-05-01,209.88,215.31,209.23,210.52,64827328
1024,2019-05-02,209.84,212.65,208.13,209.15,31996324
1025,2019-05-03,210.89,211.84,210.23,211.75,20892378
1026,2019-05-06,204.29,208.84,203.5,208.48,32443113
1027,2019-05-07,205.88,207.42,200.83,202.86,38763698
1028,2019-05-08,201.9,205.34,201.75,202.9,26339504
1029,2019-05-09,200.4,201.68,196.66,200.72,34908607
1030,2019-05-10,197.42,198.85,192.77,197.18,41208712
1031,2019-05-13,187.71,189.48,182.85,185.72,57430623
1032,2019-05-14,186.41,189.7,185.41,188.66,36529677
1033,2019-05-15,186.27,191.75,186.02,190.92,26544718
1034,2019-05-16,189.91,192.47,188.84,190.08,33031364
1035,2019-05-17,186.93,190.9,186.76,189.0,32879090
1036,2019-05-20,183.52,184.35,180.28,183.09,38612290
1037,2019-05-21,185.22,188.0,184.7,186.6,28364848
1038,2019-05-22,184.66,185.71,182.55,182.78,29748556
1039,2019-05-23,179.8,180.54,177.81,179.66,36529736
1040,2019-05-24,180.2,182.14,178.62,178.97,23714686
1041,2019-05-28,178.92,180.59,177.91,178.23,27948160
1042,2019-05-29,176.42,179.35,176.0,177.38,28481165
1043,2019-05-30,177.95,179.23,176.67,178.3,21218412
1044,2019-05-31,176.23,177.99,174.99,175.07,27043584
1045,2019-06-03,175.6,177.92,170.27,173.3,40396069
1046,2019-06-04,175.44,179.83,174.52,179.64,30967961
1047,2019-06-05,184.28,184.99,181.14,182.54,29773427
1048,2019-06-06,183.08,185.47,182.15,185.22,22526311
1049,2019-06-07,186.51,191.92,185.77,190.15,30684393
1050,2019-06-10,191.81,195.37,191.62,192.58,26220851
1051,2019-06-11,194.86,196.0,193.6,194.81,26932882
1052,2019-06-12,193.95,195.97,193.39,194.19,18253189
1053,2019-06-13,194.7,196.79,193.6,194.15,21674625
1054,2019-06-14,191.55,193.59,190.3,192.74,18761474
1055,2019-06-17,192.9,194.96,192.17,193.89,14669144
1056,2019-06-18,196.05,200.29,195.21,198.45,26551004
1057,2019-06-19,199.68,199.88,197.31,197.87,21124235
1058,2019-06-20,200.37,200.61,198.03,199.46,21513988
1059,2019-06-21,198.8,200.85,198.15,198.78,47800589
1060,2019-06-24,198.54,200.16,198.17,198.58,18220421
1061,2019-06-25,198.43,199.26,195.29,195.57,21070334
1062,2019-06-26,197.77,200.99,197.35,199.8,26067512
1063,2019-06-27,200.29,201.57,199.57,199.74,20899717
1064,2019-06-28,198.68,199.5,197.05,197.92,31110642
1065,2019-07-01,203.17,204.49,200.65,201.55,27316739
1066,2019-07-02,201.41,203.13,201.36,202.73,16935217
1067,2019-07-03,203.28,204.44,202.69,204.41,11362045
1068,2019-07-05,203.35,205.08,202.9,204.23,17265518
1069,2019-07-08,200.81,201.4,198.41,200.02,25338628
1070,2019-07-09,199.2,201.51,198.81,201.24,20578015
1071,2019-07-10,201.85,203.73,201.56,203.23,17897138
1072,2019-07-11,203.31,204.39,201.71,201.75,20191842
1073,2019-07-12,202.45,204.0,202.2,203.3,17595212
1074,2019-07-15,204.09,205.87,204.0,205.21,16947420
1075,2019-07-16,204.59,206.11,203.5,204.5,16866816
1076,2019-07-17,204.05,205.09,203.27,203.35,14107450
1077,2019-07-18,204.0,205.88,203.7,205.66,18582161
1078,2019-07-19,205.79,206.5,202.36,202.59,20929307
1079,2019-07-22,203.65,207.23,203.61,207.22,22277932
1080,2019-07-23,208.46,208.91,207.29,208.84,18355210
1081,2019-07-24,207.67,209.15,207.17,208.67,14991567
1082,2019-07-25,208.89,209.24,206.73,207.02,13909562
1083,2019-07-26,207.48,209.73,207.14,207.74,17618874
1084,2019-07-29,208.46,210.64,208.44,209.68,21673389
1085,2019-07-30,208.76,210.16,207.31,208.78,33935718
1086,2019-07-31,216.42,221.37,211.3,213.04,69281361
1087,2019-08-01,213.9,218.03,206.74,208.43,54017922
1088,2019-08-02,205.53,206.43,201.63,204.02,40862122
1089,2019-08-05,197.99,198.65,192.58,193.34,52392969
1090,2019-08-06,196.31,198.07,194.04,197.0,35824787
1091,2019-08-07,195.41,199.56,193.82,199.04,33364400
1092,2019-08-08,200.2,203.53,199.39,203.43,27009523
1093,2019-08-09,201.3,202.76,199.29,200.99,24619746
1094,2019-08-12,199.62,202.05,199.15,200.48,22481889
1095,2019-08-13,201.02,212.14,200.83,208.97,47539786
1096,2019-08-14,203.16,206.44,202.59,202.75,36547443
1097,2019-08-15,203.46,205.14,199.67,201.74,27883363
1098,2019-08-16,204.28,207.16,203.84,206.5,28813624
1099,2019-08-19,210.62,212.73,210.03,210.35,24431915
1100,2019-08-20,210.88,213.35,210.32,210.36,26919529
1101,2019-08-21,212.99,213.65,211.6,212.64,21564747
1102,2019-08-22,213.19,214.44,210.75,212.46,22267819
1103,2019-08-23,209.43,212.05,201.0,202.64,46882843
1104,2019-08-26,205.86,207.19,205.06,206.49,26066130
1105,2019-08-27,207.86,208.55,203.53,204.16,25897344
1106,2019-08-28,204.1,205.72,203.32,205.53,15957632
1107,2019-08-29,208.5,209.32,206.66,209.01,21007652
1108,2019-08-30,210.16,210.45,207.2,208.74,21162561
1109,2019-09-03,206.43,206.98,204.22,205.7,20059574
1110,2019-09-04,208.39,209.48,207.32,209.19,19216820
1111,2019-09-05,212.0,213.97,211.51,213.28,23946984
1112,2019-09-06,214.05,214.42,212.51,213.26,19362294
1113,2019-09-09,214.84,216.44,211.07,214.17,27309401
1114,2019-09-10,213.86,216.78,211.71,216.7,31777931
1115,2019-09-11,218.07,223.71,217.73,223.59,44289646
1116,2019-09-12,224.8,226.42,222.86,223.09,32226669
1117,2019-09-13,220.0,220.79,217.02,218.75,39763296
1118,2019-09-16,217.73,220.13,217.56,219.9,21158141
1119,2019-09-17,219.96,220.82,219.12,220.7,18386468
1120,2019-09-18,221.06,222.85,219.44,222.77,25643093
1121,2019-09-19,222.01,223.76,220.37,220.96,22187876
1122,2019-09-20,221.38,222.56,217.47,217.73,57977094
1123,2019-09-23,218.95,219.84,217.65,218.72,19419648
1124,2019-09-24,221.03,222.49,217.19,217.68,31434367
1125,2019-09-25,218.55,221.5,217.14,221.03,22481006
1126,2019-09-26,220.0,220.94,218.83,219.89,19088312
1127,2019-09-27,220.54,220.96,217.28,218.82,25361285
1128,2019-09-30,220.9,224.58,220.79,223.97,26318583
1129,2019-10-01,225.07,228.22,224.2,224.59,36187163
1130,2019-10-02,223.06,223.58,217.93,218.96,35767257
1131,2019-10-03,218.43,220.96,215.13,220.82,30352686
1132,2019-10-04,225.64,227.49,223.89,227.01,34755553
1133,2019-10-07,226.27,229.93,225.84,227.06,30889269
1134,2019-10-08,225.82,228.06,224.33,224.4,29282700
1135,2019-10-09,227.03,227.79,225.64,227.03,19029424
1136,2019-10-10,227.93,230.44,227.3,230.09,28962984
1137,2019-10-11,232.95,237.64,232.31,236.21,41990210
1138,2019-10-14,234.9,238.13,234.67,235.87,24413484
1139,2019-10-15,236.39,237.65,234.88,235.32,23040483
1140,2019-10-16,233.37,235.24,233.2,234.37,19286694
1141,2019-10-17,235.09,236.15,233.52,235.28,17272897
1142,2019-10-18,234.59,237.58,234.29,236.41,24377166
1143,2019-10-21,237.52,240.99,237.32,240.51,22367483
1144,2019-10-22,241.16,242.2,239.62,239.96,22684001
1145,2019-10-23,242.1,243.24,241.22,243.18,19932545
1146,2019-10-24,244.51,244.8,241.81,243.58,17916255
1147,2019-10-25,243.16,246.73,242.88,246.58,18369296
1148,2019-10-28,247.42,249.25,246.72,249.05,24143241
1149,2019-10-29,248.97,249.75,242.57,243.29,35709867
1150,2019-10-30,244.76,245.3,241.21,243.26,31130522
1151,2019-10-31,247.24,249.17,237.26,248.76,34790520
1152,2019-11-01,249.54,255.93,249.16,255.82,37781334
1153,2019-11-04,257.33,257.85,255.38,257.5,25817952
1154,2019-11-05,257.05,258.19,256.32,257.13,19974427
1155,2019-11-06,256.77,257.49,255.37,257.24,18966124
1156,2019-11-07,258.74,260.35,258.11,259.43,23735083
1157,2019-11-08,258.69,260.44,256.85,260.14,17520495
1158,2019-11-11,258.3,262.47,258.28,262.2,20507459
1159,2019-11-12,261.55,262.79,260.92,261.96,21847226
1160,2019-11-13,261.13,264.78,261.07,264.47,25817593
1161,2019-11-14,263.75,264.88,262.1,262.64,22395556
1162,2019-11-15,263.68,265.78,263.01,265.76,25093666
1163,2019-11-18,265.8,267.43,264.23,267.1,21700897
1164,2019-11-19,267.9,268.0,265.39,266.29,19069597
1165,2019-11-20,265.54,266.08,260.4,263.19,26609919
1166,2019-11-21,263.69,264.01,261.18,262.01,30348778
1167,2019-11-22,262.59,263.18,260.84,261.78,16331263
1168,2019-11-25,262.71,266.44,262.52,266.37,21029517
1169,2019-11-26,266.94,267.16,262.5,264.29,26334882
1170,2019-11-27,265.58,267.98,265.31,267.84,16386122
1171,2019-11-29,266.6,268.0,265.9,267.25,11654363
1172,2019-12-02,267.27,268.25,263.45,264.16,23693550
1173,2019-12-03,258.31,259.53,256.29,259.45,29377268
1174,2019-12-04,261.07,263.31,260.68,261.74,16810388
1175,2019-12-05,263.79,265.89,262.73,265.58,18661343
1176,2019-12-06,267.48,271.0,267.3,270.71,26547493
1177,2019-12-09,270.0,270.8,264.91,266.92,32182645
1178,2019-12-10,268.6,270.07,265.86,268.48,22632383
1179,2019-12-11,268.81,271.1,268.5,270.77,19723391
1180,2019-12-12,267.78,272.56,267.32,271.46,34437042
1181,2019-12-13,271.46,275.3,270.93,275.15,33432806
1182,2019-12-16,277.0,280.79,276.98,279.86,32081105
1183,2019-12-17,279.57,281.77,278.8,280.41,28575798
1184,2019-12-18,279.8,281.9,279.12,279.74,29024687
1185,2019-12-19,279.5,281.18,278.95,280.02,24626947
1186,2019-12-20,282.23,282.65,278.56,279.44,69032743
1187,2019-12-23,280.53,284.25,280.37,284.0,24677883
1188,2019-12-24,284.69,284.89,282.92,284.27,12119714
1189,2019-12-26,284.82,289.98,284.7,289.91,23334004
1190,2019-12-27,291.12,293.97,288.12,289.8,36592936
1191,2019-12-30,289.46,292.69,285.22,291.52,36059614
1192,2019-12-31,289.93,293.68,289.52,293.65,25247625
0,2019-12-31,289.93,293.68,289.52,293.65,25247625
1,2020-01-02,296.24,300.6,295.19,300.35,33911864
2,2020-01-03,297.15,300.58,296.5,297.43,36633878
3,2020-01-06,293.79,299.96,292.75,299.8,29644644
4,2020-01-07,299.84,300.9,297.48,298.39,27877655
5,2020-01-08,297.16,304.44,297.16,303.19,33090946
6,2020-01-09,307.24,310.43,306.2,309.63,42621542
7,2020-01-10,310.6,312.67,308.25,310.33,35217272
8,2020-01-13,311.64,317.07,311.15,316.96,30521722
9,2020-01-14,316.7,317.57,312.17,312.68,40653457
10,2020-01-15,311.85,315.5,309.55,311.34,30480882
11,2020-01-16,313.59,315.7,312.09,315.24,27207254
12,2020-01-17,316.27,318.74,315.0,318.73,34454117
13,2020-01-21,317.19,319.02,316.0,316.57,27710814
14,2020-01-22,318.58,319.99,317.31,317.7,25458115
15,2020-01-23,317.92,319.56,315.65,319.23,26117993
16,2020-01-24,320.25,323.33,317.52,318.31,36634380
17,2020-01-27,310.06,311.77,304.88,308.95,40485005
18,2020-01-28,312.6,318.4,312.19,317.69,40558486
19,2020-01-29,324.45,327.85,321.38,324.34,54149928
20,2020-01-30,320.54,324.09,318.75,323.87,31685808
21,2020-01-31,320.93,322.68,308.29,309.51,49897096
22,2020-02-03,304.3,313.49,302.22,308.66,43496401
23,2020-02-04,315.31,319.64,313.63,318.85,34154134
24,2020-02-05,323.52,324.76,318.95,321.45,29706718
25,2020-02-06,322.57,325.22,320.26,325.21,26356385
26,2020-02-07,322.37,323.4,318.0,320.03,29421012
27,2020-02-10,314.18,321.55,313.85,321.55,27337215
28,2020-02-11,323.6,323.9,318.71,319.61,23580780
29,2020-02-12,321.47,327.22,321.47,327.2,28432573
30,2020-02-13,324.19,326.22,323.35,324.87,23686892
31,2020-02-14,324.74,325.98,322.85,324.95,20028447
32,2020-02-18,315.36,319.75,314.61,319.0,38190545
33,2020-02-19,320.0,324.57,320.0,323.62,23495991
34,2020-02-20,322.63,324.65,318.21,320.3,25141489
35,2020-02-21,318.62,320.45,310.5,313.05,32426415
36,2020-02-24,297.26,304.18,289.23,298.18,55548828
37,2020-02-25,300.95,302.53,286.13,288.08,57668364
38,2020-02-26,286.53,297.88,286.5,292.65,49678431
39,2020-02-27,281.1,286.0,272.96,273.52,80151381
40,2020-02-28,257.26,278.41,256.37,273.36,106721230
41,2020-03-02,282.28,301.44,277.72,298.81,85349339
42,2020-03-03,303.67,304.0,285.8,289.32,79868852
43,2020-03-04,296.44,303.4,293.13,302.74,54794568
44,2020-03-05,295.52,299.55,291.41,292.92,46893219
45,2020-03-06,282.0,290.82,281.23,289.03,56544246
46,2020-03-09,263.75,278.09,263.0,266.17,71686208
47,2020-03-10,277.14,286.44,269.37,285.34,71322520
48,2020-03-11,277.39,281.22,271.86,275.43,64094970
49,2020-03-12,255.94,270.0,248.0,248.23,104618517
50,2020-03-13,264.89,279.92,252.95,277.97,92683032
51,2020-03-16,241.95,259.08,240.0,242.21,80605865
52,2020-03-17,247.51,257.61,238.4,252.86,81013965
53,2020-03-18,239.77,250.0,237.12,246.67,75058406
54,2020-03-19,247.39,252.84,242.61,244.78,67964255
55,2020-03-20,247.18,251.83,228.0,229.24,100423346
56,2020-03-23,228.08,228.5,212.61,224.37,84188208
57,2020-03-24,236.36,247.69,234.3,246.88,71882773
58,2020-03-25,250.75,258.25,244.3,245.52,75900510
59,2020-03-26,246.52,258.68,246.36,258.44,63140169
60,2020-03-27,252.75,255.87,247.05,247.74,51054153
61,2020-03-30,250.74,255.52,249.4,254.81,41994110
62,2020-03-31,255.6,262.49,252.0,254.29,49250501
63,2020-04-01,246.5,248.72,239.13,240.91,44054638
64,2020-04-02,240.34,245.15,236.9,244.93,41483493
65,2020-04-03,242.8,245.7,238.97,241.41,32470017
66,2020-04-03,242.8,245.7,238.97,241.41,32470017
67,2020-04-03,242.8,245.7,238.97,241.41,32470017
68,2020-04-06,250.9,263.11,249.38,262.47,50455071
69,2020-04-07,270.8,271.7,259.0,259.43,50721831
